        score  sim length
0    0.997529    0.200000
1    0.989794    0.312500
2    0.999388    0.107143
3    0.980888    0.222222
4    0.998688    0.250000
5    0.996215    0.333333
6    0.997236    0.230769
7    0.997856    0.375000
8    0.989023    0.916667
9    0.965803    0.500000
10   0.986264    0.500000
11   0.928407    0.428571
12   0.998472    0.153846
13   0.997409    0.285714
14   0.983997    0.250000
15   0.989665    0.250000
16   0.989758    0.166667
17   0.995568    0.083333
18   0.997752    0.166667
19   0.977935    0.333333
20   0.995802    0.071429
21   0.989555    0.066667
22   0.991864    0.277778
23   0.991872    0.416667
24   0.995209    0.428571
25   0.980407    0.333333
26   0.998174    0.357143
27   0.991851    0.416667
28   0.980115    0.555556
29   0.994812    0.450000
30   0.994467    0.357143
31   0.993361    0.833333
32   0.997034    0.625000
33   0.997208    0.600000
34   0.998696    0.125000
35   0.996054    0.250000
36   0.894397    0.500000
37   0.982215    0.416667
38   0.968421    0.875000
39   0.995617    0.416667
40   0.975610    0.416667
41   0.992044    0.357143
42   0.977083    1.666667
43   0.996240    0.416667
44   0.986633    0.272727
45   0.990544    0.388889
46   0.978618    0.416667
47   0.995468    0.318182
48   0.992611    0.571429
49   0.980091    0.642857
50   0.994876    0.166667
51   0.994303    0.500000
52   0.993674    1.300000
53   0.994161    0.642857
54   0.947306    0.875000
55   0.990646    0.105263
56   0.993370    0.444444
57   0.980647    2.000000
58   0.981840    0.307692
59   0.991169    0.800000
60   0.977151    0.555556
61   0.990060    0.500000
62   0.973791    0.500000
63   0.939679    0.800000
64   0.997986    0.500000
65   0.982623    1.375000
66   0.979661    0.583333
67   0.985415    0.444444
68   0.995038    0.500000
69   0.994561    0.272727
70   0.971685    0.833333
71   0.967431    1.375000
72   0.992064    0.375000
73   0.992517    0.357143
74   0.998979    0.350000
75   0.992790    0.500000
76   0.991585    0.400000
77   0.927559    0.800000
78   0.997747    0.375000
79   0.857271    0.700000
80   0.996276    0.800000
81   0.988181    0.833333
82   0.994048    0.388889
83   0.995519    0.500000
84   0.992833    0.600000
85   0.968564    1.750000
86   0.997714    0.200000
87   0.912487    0.600000
88   0.975923    0.555556
89   0.988709    0.833333
90   0.980109    0.136364
91   0.992525    0.437500
92   0.998557    0.200000
93   0.994029    0.600000
94   0.971565    0.357143
95   0.984025    1.333333
96   0.973115    0.700000
97   0.988701    1.125000
98   0.998632    0.166667
99   0.985186    0.150000
100  0.989380    0.176471
101  0.986191    0.416667
102  0.996916    0.285714
103  0.987723    1.750000
104  0.982897    0.500000
105  0.944996    0.611111
106  0.978987    0.227273
107  0.987471    0.333333
108  0.955048    1.428571
109  0.973555    0.714286
110  0.978117    0.600000
111  0.972485    0.318182
112  0.991374    0.312500
113  0.899263    0.312500
114  0.996521    0.291667
115  0.995486    0.333333
116  0.997279    0.454545
117  0.996777    0.300000
118  0.989296    0.333333
119  0.966984    0.454545
120  0.993813    0.416667
121  0.993284    0.500000
122  0.987326    0.333333
123  0.992656    0.375000
124  0.985091    0.416667
125  0.992825    0.166667
126  0.995818    0.375000
127  0.987453    0.500000
128  0.990046    0.312500
129  0.994192    0.250000
130  0.992740    0.250000
131  0.986134    0.333333
132  0.990322    0.388889
133  0.995189    0.800000
134  0.994739    0.294118
135  0.989676    0.555556
136  0.999300    0.250000
137  0.980746    0.375000
138  0.986079    0.227273
139  0.994092    0.416667
140  0.996851    0.250000
141  0.987648    0.928571
142  0.879729    0.416667
143  0.988869    0.227273
144  0.967201    0.571429
145  0.984894    0.700000
146  0.922514    0.250000
147  0.960964    0.500000
148  0.989246    0.250000
149  0.938790    0.277778
150  0.996887    0.307692
151  0.991620    1.666667
152  0.985718    0.600000
153  0.962095    0.500000
154  0.990007    0.500000
155  0.994828    0.388889
156  0.998965    0.333333
157  0.988161    0.583333
158  0.945152    0.350000
159  0.991547    0.833333
160  0.997472    0.333333
161  0.995561    0.222222
162  0.927429    7.000000
163  0.976220    0.428571
164  0.986069    0.375000
165  0.940669    0.562500
166  0.983336    0.400000
167  0.989458    0.600000
168  0.998795    0.178571
169  0.997127    1.250000
170  0.992775    0.250000
171  0.994034    0.571429
172  0.991818    0.500000
173  0.967487    0.833333
174  0.996793    0.366667
175  0.983533    0.625000
176  0.982827    0.625000
177  0.969388    0.666667
178  0.997937    0.375000
179  0.991586    0.192308
180  0.977944    0.176471
181  0.800924    0.750000